124140165
122034117
122298036
120552851
119191930
119567894
122557775
122500393
118362100
123175203
126234973
118324335
118550345
121175601
122455057
122087462
126578974
122296420
126508394
124520019
122586371
125268559
123453152
122068993
121801037
121751790
122433944
114724791
115108803
115024746
115279876
115368740
123001556
121091859
121091859
120317704
121354753
121720509
123224958
123171683
121792859
122275450
122197240
121850391
121986844
121543608
121596674
121656295
121582203
121539359
120417981
120299802
120220998
120614540
119847162
119793487
119183257
118850492
120473368
119140803
119058764
119385968
118258671
117638503
118286818
117863834
123237891
122280230
122296169
122300697
122315967
122173328
122254541
122205337
122385625
122103435
122063511
121881582
121878337
121863496
121706879
121801709
121744453
121700000
123655720
123543189
123510247
123425799
121705663
120554283
123501658
123307831
123536256
121613118
121686624
121858428
121589973
121542076
121696705
121488114
121523174
121470804
122529422
123720141
123605291
123956531
124088670
123795801
121766301
123713542
123457336
122233663
122231095
122240677
120590450
122163810
122060444
122007786
121892158
120971561
121511063
120554557
120391651
119735106
120793128
119860776
118980273
124059199
123824561
124050366
123527922
123279177